X = [748 670 592 514 432 357 275 197 118 40 40 118 197 275 357 432 514 592 670 748]'; %880
Y = [513 513 513 513 513 513 513 513 513 513 435 435 435 435 435 435 435 435 435 435]'; %586

X = [709 551 393 237 79 237 393 551 709 709 551 393 237]';
Y = [472 472 472 472 472 315 315 315 315 157 157 157 157]';
strength = [-43 -47 -63 -60 -61 -56 -57 -61 -55 -50 -55 -54 -55]'; %TPlink-storage

strength = [-44 -39 -32 -35 -43 -49 -47 -47 -49 -52 -46 -47 -47]'; %TPlink-screen

strength = [-59 -53 -58 -52 -63 -52 -50 -55 -57 -59 -51 -42 -48]'; %ITSC-wielding



